-6.114432 -1.322805 -21.164873 6.055369 0.000000 0.000000
-6.346652 -1.322805 -25.242876 6.587242 0.000000 -21.009899
-5.194829 -1.322805 -29.211288 7.526649 0.000000 -24.978313
-4.496290 -1.322805 -33.385265 8.225189 0.000000 -29.152290
-1.455770 -1.322805 -46.484978 11.265709 0.000000 -40.614758
-2.586193 -1.322805 -41.492378 10.135286 0.000000 -37.259403
-3.738014 -1.322805 -37.523964 9.195879 0.000000 -33.290989
-1.276808 -1.322805 -68.883163 11.444671 0.000000 -45.989307
11.437618 -1.322805 -68.674393 13.991421 0.000000 -46.181465
13.964355 -1.322805 -67.711365 16.518158 0.000000 -47.144493
16.506769 -1.322805 -67.008965 18.011393 0.000000 -47.846889
18.108738 -1.322805 -66.085052 19.613361 0.000000 -48.770798
19.618864 -1.322805 -64.905769 21.123486 0.000000 -49.950081
21.167507 -1.322805 -62.979099 21.961012 0.000000 -51.876755
-1.433596 -1.335010 -108.213188 11.287883 -0.012205 -67.967407
19.762838 -1.623800 -69.934723 21.838610 0.451972 -67.858948
21.694397 -1.585914 -73.691040 23.694397 0.414086 -71.691040
18.336258 -1.585914 -87.983154 20.336258 0.414086 -85.983154
13.986190 -1.585914 -88.263687 15.986190 0.414086 -86.263687
21.467945 -1.429129 -84.412888 23.467945 -0.370606 -77.315247
21.059616 -1.429129 -84.111465 21.568207 -0.370606 -75.698181
23.497345 -1.429129 -84.111465 24.005936 -0.370606 -75.698181
22.801033 -1.429129 -84.953690 23.309624 -0.370606 -84.305664
21.666367 -1.429129 -84.949577 22.174957 -0.370606 -84.301552
-2.831731 -0.075843 -101.400200 11.193845 7.437462 -99.400200
-2.831731 -0.075843 -83.102951 11.193845 7.437462 -81.102951
8.898773 -0.075843 -82.922920 10.898773 7.437462 -68.897346
-2.831731 -0.075843 -70.421890 11.193845 7.437462 -68.421890
1.862659 -0.075843 -99.335022 3.862659 7.437462 -82.878723
7.215363 -0.075843 -66.951591 9.215364 7.437462 -52.926018
3.148335 -0.075843 -53.144161 5.148335 7.437462 -44.520329
5.749913 -0.075843 -52.764599 7.749913 7.437462 -52.165180
4.708886 -0.075843 -52.001129 6.708886 7.437462 -51.401711
3.821757 -0.075843 -50.595806 5.821757 7.437462 -49.996387
4.295392 -0.075843 -51.285446 6.295392 7.437462 -50.686028
-2.526826 -0.075843 -20.064730 -0.526826 7.437462 -11.440893
-2.526826 -0.075843 -11.953716 -0.526826 7.437462 -3.329881
-2.654863 -0.075843 -3.407321 5.968973 7.437462 -1.407319
-2.182928 -0.075843 -23.155046 -0.182927 7.437462 -20.099165
-1.722342 -0.075843 -25.578894 0.277659 7.437462 -22.523012
-1.270354 -0.075843 -28.316172 0.729646 7.437462 -25.260290
-0.698942 -0.075843 -31.253574 1.301058 7.437462 -28.197693
-0.329857 -0.075843 -33.667732 1.670144 7.437462 -30.611849
0.155562 -0.075843 -36.283291 2.155562 7.437462 -33.227406
0.987812 -0.075843 -39.044003 2.987812 7.437462 -35.988117
1.383717 -0.075843 -41.468838 3.383718 7.437462 -38.412952
2.098434 -0.075843 -45.996532 4.098434 7.437462 -41.211872
5.174038 -0.075843 -20.407482 7.174039 7.437462 -2.826924
9.893582 -0.075843 -45.996532 11.893582 7.437462 -41.211872
9.178865 -0.075843 -41.468838 11.178865 7.437462 -38.412952
8.782960 -0.075843 -39.044003 10.782960 7.437462 -35.988117
7.950710 -0.075843 -36.283291 9.950710 7.437462 -33.227406
7.465292 -0.075843 -33.667732 9.465292 7.437462 -30.611849
7.096206 -0.075843 -31.253574 9.096206 7.437462 -28.197693
6.524793 -0.075843 -28.316172 8.524794 7.437462 -25.260290
6.072806 -0.075843 -25.578894 8.072806 7.437462 -22.523012
5.612220 -0.075843 -23.155046 7.612220 7.437462 -20.099165
11.512402 -0.075843 -46.884319 13.423105 7.437462 -44.884319
13.582204 -0.075843 -47.184856 15.492908 7.437462 -45.184856
15.450636 -0.075843 -47.659367 16.564882 7.437462 -45.659367
16.620934 -0.075843 -48.287731 17.735180 7.437462 -46.287731
17.833208 -0.075843 -48.971756 18.947454 7.437462 -46.971756
18.867268 -0.075843 -49.614990 19.981514 7.437462 -47.614990
20.856733 -0.075843 -51.481262 21.970980 7.437462 -49.481262
19.793497 -0.075843 -50.585953 20.907743 7.437462 -48.585953
21.259180 -0.075843 -53.365646 22.373426 7.437462 -51.365646
21.676888 -0.075843 -55.383327 22.791134 7.437462 -53.383327
21.763914 -0.075843 -57.449585 22.878160 7.437462 -55.449585
21.720921 -0.075843 -62.399101 22.835167 7.437462 -57.436165
21.096769 -0.075843 -64.463173 22.211016 7.437462 -62.463169
9.163665 -0.075843 -69.102203 10.277911 7.437462 -67.102203
11.051147 -0.075843 -69.540230 13.051147 7.437462 -68.425987
12.933445 -0.075843 -69.196518 14.933445 7.437462 -68.082275
